@room 1
@playable
@title The Bridge
@conn 0 0 0 2
@spawn 4 104
@border GRN
@belt -1

@guardiansprites
; entity 20: page 188
0,0,0,0,0,0,0,0,0,0,111,64,187,128,117,64	
26,128,5,0,0,128,0,0,0,0,0,0,0,0,0,0	
0,0,0,0,0,160,1,64,2,128,1,80,54,160,93,112	
55,224,3,192,0,0,0,0,0,0,0,0,0,0,0,0	
0,0,0,0,0,0,0,0,0,0,0,244,25,184,47,84	
25,168,0,80,0,8,0,0,0,0,0,0,0,0,0,0	
0,0,0,0,0,0,0,0,0,0,0,61,3,126,5,215	
3,106,0,20,0,40,0,20,0,10,0,0,0,0,0,0	
0,0,0,0,0,0,0,0,0,0,188,0,126,192,235,160	
86,192,40,0,20,0,40,0,80,0,0,0,0,0,0,0	
0,0,0,0,0,0,0,0,0,0,47,0,29,152,42,244	
21,152,10,0,16,0,0,0,0,0,0,0,0,0,0,0	
0,0,0,0,5,0,2,128,1,64,10,128,5,108,14,186	
7,236,3,192,0,0,0,0,0,0,0,0,0,0,0,0	
0,0,0,0,0,0,0,0,0,0,2,246,1,221,2,174	
1,88,0,160,1,0,0,0,0,0,0,0,0,0,0,0
; entity 14: page 185
3,192,6,96,13,240,26,216,53,92,32,4,127,254,215,117,178,39,215,117,127,254,21,120,37,164,2,64,17,136,0,0




@tilemap
                        
                        
                        
                        
                        
                        
                        
              +         
                        
                        
                        
                        
       /WW   WWW        
      /WWW   WWWW       
     /WWWW***WWWWW      
FFFFFWWWWW<<<WWWWWFFFFFF

@floorcolor GRN
@wallcolor YEL
@nastycolor CYN
@rampcolor WHT
@beltcolor BLU
@itemcolor WHT

@guardians
y=80 x=4(0..8) v=-1 f=0..7 RED
y=80 x=16(12..23) v=1 f=0..7 PUR
x=10 y=25(0..95) v=5 f=8 GRN

@floorudg 255,255,253,187,214,114,96,64
@walludg 34,119,34,136,34,119,34,136
@nastyudg 3,132,72,48,3,132,72,48 ; invert
@rampudg 3,3,12,13,50,55,194,200
@beltudg 3,132,72,48,3,132,72,48 ; invert
@itemudg 112,138,253,249,249,254,248,112 ; mug