@room 59
@playable
@title The Yacht
@conn 255 58 255 60
@spawn 91 64
@border CYN
@belt -1

@guardiansprites
; right facing saw
0,0,0,0,0,0,0,0,0,0,0,0,0,0,0,0,0,0,0,0,0,0,0,0,48,0,126,0,124,0,88,0
0,0,0,0,0,0,0,0,0,0,0,0,0,0,12,0,31,128,23,0,22,0,23,128,23,0,38,16,39,128,39,8
3,0,7,224,5,192,5,128,5,224,5,192,9,128,9,224,9,208,9,128,9,232,9,194,9,128,17,232,17,192,17,130
0,0,0,0,0,0,0,0,0,0,0,192,1,248,1,112,1,96,1,120,1,112,2,96,2,120,2,112,2,97,2,120
; flag
0,3,0,15,0,31,128,63,192,127,209,255,95,255,159,255,207,255,211,255,223,252,255,240,255,224,127,192,63,128,14,0
0,0,0,0,80,1,216,3,156,7,79,31,215,255,219,255,255,255,255,255,255,255,255,255,143,254,7,252,3,248,0,224
0,0,3,128,7,192,143,192,223,224,219,241,87,255,143,255,223,255,223,255,255,255,252,127,248,63,112,63,0,31,0,14
0,56,0,254,1,255,131,255,199,255,223,255,95,255,155,255,199,255,223,255,223,199,255,1,254,0,124,0,56,0,0,0

@tilemap
                        
                        
                        
                        
                        
FFFFW\                  
    W \                 
    W  \                
    W   \               
    W    \*   *        
FFFFWWWWWWWWWWWW  FFFFFF
  F            W  F     
  F            W  F     
  F            W  F     
  F         +  W        
WWWWWWWWWWWWWWWW<<<<<<<<

@floorcolor YEL
@wallcolor CYN
@nastycolor RED
@rampcolor WHT
@beltcolor CYN
@itemcolor RED

@guardians
y=104 x=4(3..11) v=-1 f=0..3 PUR
x=16 y=72(64..104) v=-2 f=4..7 RED

@floorudg 187,221,221,238,0,0,0,0
@walludg 187,119,238,221,187,119,238,221
@nastyudg 126,191,191,110,44,44,173,255
@rampudg 128,64,32,16,8,4,2,1
@beltudg 224,170,56,1,131,199,124,16
@itemudg 206,241,185,213,239,215,187,255
