@room 55
@playable
@title West Bedroom
@conn 57 54 53 0
@spawn 80 80
@border CYN
@belt -1

@guardiansprites
; entity 30: page 173 sprite 4 f=0..3
0,0,0,0,0,0,127,254,64,2,255,255,222,123,192,3,192,3,222,123,255,255,64,2,127,254,0,0,0,0,0,0
10,0,29,0,54,128,103,64,195,160,113,208,184,104,92,52,44,58,22,29,11,142,5,195,2,230,1,108,0,184,0,80
7,224,31,248,20,40,22,104,22,104,22,104,22,104,20,40,20,40,22,104,22,104,22,104,22,104,20,40,31,248,7,224
0,80,0,184,1,108,2,230,5,195,11,142,22,29,44,58,92,52,184,104,113,208,195,160,103,64,54,128,29,0,10,0
; entity 51: page 183 sprite 2 f=4..5
3,0,4,128,5,192,11,160,21,64,23,96,23,96,31,224,19,144,45,104,47,120,47,120,47,120,47,120,175,121,127,254
0,192,1,32,1,112,2,232,5,80,5,216,5,216,7,248,9,200,22,180,23,188,23,188,23,188,23,188,151,189,127,254

@tilemap
      F     WW  F         
            WW  F         
     F      WW  F         
            WW+ F   <<FF
      F     WW  F         
            WW  F         
         F  WW  F         
            WW  F         
      F         F         
                F         
     F          F         
      W         F  S      
      WFFFFFFFFFFFFFFFFF
      WWWWWWWW          
            WW          
            WW          

@floorcolor YEL
@wallcolor CYN
@nastycolor WHT
@rampcolor WHT
@beltcolor RED
@itemcolor YEL

@guardians
x=7 y=32(0..64) v=-2 f=0..3 CYN
x=10 y=24(0..80) v=1 f=4..5 RED

@floorudg 170,85,130,65,130,65,130,65
@walludg 168,85,168,86,207,46,38,193 ; invert
@nastyudg 0,0,0,0,0,0,0,0
@rampudg 0,0,0,0,0,0,0,0
@beltudg 165,255,189,170,85,186,69,131
@itemudg 66,36,126,219,255,165,36,16 ; invader
