@room 36
@playable
@title A bit of tree
@conn 42 255 30 37
@spawn 48 104
@border CYN
@belt 0
@arrow y=73 x=40 v=-1 sound=36


@guardiansprites
; entity 104: page 188 sprite 0 f=0..7
0,0,0,0,0,0,0,0,0,0,111,64,187,128,117,64,26,128,5,0,0,128,0,0,0,0,0,0,0,0,0,0
0,0,0,0,0,160,1,64,2,128,1,80,54,160,93,112,55,224,3,192,0,0,0,0,0,0,0,0,0,0,0,0
0,0,0,0,0,0,0,0,0,0,0,244,25,184,47,84,25,168,0,80,0,8,0,0,0,0,0,0,0,0,0,0
0,0,0,0,0,0,0,0,0,0,0,61,3,126,5,215,3,106,0,20,0,40,0,20,0,10,0,0,0,0,0,0
0,0,0,0,0,0,0,0,0,0,188,0,126,192,235,160,86,192,40,0,20,0,40,0,80,0,0,0,0,0,0,0
0,0,0,0,0,0,0,0,0,0,47,0,29,152,42,244,21,152,10,0,16,0,0,0,0,0,0,0,0,0,0,0
0,0,0,0,5,0,2,128,1,64,10,128,5,108,14,186,7,236,3,192,0,0,0,0,0,0,0,0,0,0,0,0
0,0,0,0,0,0,0,0,0,0,2,246,1,221,2,174,1,88,0,160,1,0,0,0,0,0,0,0,0,0,0,0
; entity 101: page 171 sprite 0 f=8
0,72,1,44,4,188,18,254,75,254,46,127,188,63,254,124,255,242,127,201,127,37,60,148,50,80,9,64,5,0,4,0

@tilemap
          WW           *
          WW           *
          WW           *
          WW           *
       F  WW     F     *
          WW           *
   FF     WW+      FF  *
       F  WW           *
          WW      /    *
       FF WW  F  /  F  *
FFFF      WWFF         *
          WW         F *
          WW       F   *
          WW  FF       *
          WW           *
         FWWF          *

@floorcolor GRN
@wallcolor RED
@nastycolor RED
@rampcolor GRN
@beltcolor WHT
@itemcolor YEL

@guardians
y=16 x=1(0..9) v=-1 f=0..7 YEL
x=5 y=48(40..80) v=2 f=8..8 PUR

@floorudg 173,82,41,0,1,2,0,0
@walludg 214,107,102,219,105,107,217,109
@nastyudg 21,0,170,85,170,0,21,10
@rampudg 3,8,36,16,64,32,128,128
@itemudg 64,160,56,108,108,118,58,31 ; leaf
