@room 34
@playable
@title Top Landing
@conn 255 33 28 35
@spawn 44 16
@border BLU
@belt 0

@guardiansprites
; swiss army knife
56,0,124,0,126,0,109,128,68,64,108,64,124,32,124,0	
124,12,124,50,252,204,255,48,252,192,127,0,108,0,56,0	
14,96,31,148,31,8,27,32,17,80,27,80,31,160,31,160	
127,64,223,64,223,128,159,128,127,0,31,0,27,0,14,0	
3,128,7,192,7,224,6,216,4,68,14,196,127,194,239,192	
239,192,143,192,119,192,7,192,7,192,7,192,6,192,3,128	
0,224,1,240,1,240,1,178,1,21,1,181,1,250,1,250	
7,244,13,244,13,248,9,248,7,240,1,240,1,176,0,224
; razor
0,0,0,0,0,0,127,254,64,2,255,255,222,123,192,3	
192,3,222,123,255,255,64,2,127,254,0,0,0,0,0,0	
10,0,29,0,54,128,103,64,195,160,113,208,184,104,92,52	
44,58,22,29,11,142,5,195,2,230,1,108,0,184,0,80	
7,224,31,248,20,40,22,104,22,104,22,104,22,104,20,40	
20,40,22,104,22,104,22,104,22,104,20,40,31,248,7,224	
0,80,0,184,1,108,2,230,5,195,11,142,22,29,44,58	
92,52,184,104,113,208,195,160,103,64,54,128,29,0,10,0
; barrel
55,236,119,238,0,0,111,246,239,247,239,247,213,91,219,187	
213,91,223,251,237,119,238,247,109,118,0,0,119,238,55,236	


@tilemap
WWWWWWWWWWWWWWWWWWWWWWWW
WWWWWWWWWWWWWWWWWWWWWWWW
W                      W
W                       
WFFF  FFF  FFFFFFFFF    
W                  /WWWW
W                 /    W
W                /     W
WFFF  FFF  FFFFF/      W
W+             /       W
W             /        W
W            /         W
WFFF  FFF  FF          W
                        
                        
FFFFFFFFFFFFFF  FFFFFFFF

@floorcolor YEL
@wallcolor PUR
@nastycolor BLK
@rampcolor WHT
@beltcolor BLK
@itemcolor YEL

@guardians
x=4 y=32(16..104) v=+2 f=4..7 WHT # y velocity is in pixels
x=9 y=16(16..48) v=+1 f=8 RED
y=104 x=12(10..22) v=+1 f=0..3 CYN # x velocity is always +1 or -1

@floorudg 255,170,85,255,0,0,0,0	; Floor
@walludg 105,144,144,105,150,105,105,150	; Wall
@rampudg 7,2,60,8,112,32,192,128	; Ramp
@itemudg 24,36,164,202,149,10,21,10 ; item
