@room 12
@playable
@title Tree Top
@conn 0 0 8 13
@spawn 52 104
@border YEL
@belt 0
@arrow y=66 x=40 v=-1 sound=36


@guardiansprites
; entity 24: page 188 sprite 0 f=0..7
0,0,0,0,0,0,0,0,0,0,111,64,187,128,117,64,26,128,5,0,0,128,0,0,0,0,0,0,0,0,0,0
0,0,0,0,0,160,1,64,2,128,1,80,54,160,93,112,55,224,3,192,0,0,0,0,0,0,0,0,0,0,0,0
0,0,0,0,0,0,0,0,0,0,0,244,25,184,47,84,25,168,0,80,0,8,0,0,0,0,0,0,0,0,0,0
0,0,0,0,0,0,0,0,0,0,0,61,3,126,5,215,3,106,0,20,0,40,0,20,0,10,0,0,0,0,0,0
0,0,0,0,0,0,0,0,0,0,188,0,126,192,235,160,86,192,40,0,20,0,40,0,80,0,0,0,0,0,0,0
0,0,0,0,0,0,0,0,0,0,47,0,29,152,42,244,21,152,10,0,16,0,0,0,0,0,0,0,0,0,0,0
0,0,0,0,5,0,2,128,1,64,10,128,5,108,14,186,7,236,3,192,0,0,0,0,0,0,0,0,0,0,0,0
0,0,0,0,0,0,0,0,0,0,2,246,1,221,2,174,1,88,0,160,1,0,0,0,0,0,0,0,0,0,0,0

@tilemap
                        
                        
            +           
                      
                       
                        
            F           
      FF              
          FF       F      
  FFF         FF         
                        
                  FF      
FFFFFFFF       W         
  * ** W  F\   W     FF
* ** **W    \  W FF       
 *   * W     FFW         

@floorcolor GRN
@wallcolor RED
@nastycolor RED
@rampcolor WHT
@beltcolor WHT
@itemcolor YEL

@guardians
y=24 x=18(4..23) v=-1 f=0..7 RED
y=40 x=7(0..10) v=-1 f=0..7 CYN
y=80 x=8(0..17) v=-1 f=0..7 YEL

@floorudg 170,85,170,88,48,16,16,8
@walludg 165,40,82,85,85,73,162,181
@nastyudg 137,74,18,52,24,52,82,145
@rampudg 64,0,16,0,4,0,1,0
@beltudg 0,0,0,0,0,0,0,0
@itemudg 30,45,55,123,109,94,184,192
