@room 9
@playable
@title Over the Drive
@conn 13 8 4 10
@spawn 88 40
@border CYN
@background BLU
@belt 0
@arrow y=34 x=80 v=1 sound=115


@guardiansprites
; orange?
3,192,14,240,29,248,62,252,83,206,101,166,164,39,113,143,191,247,85,239,110,118,83,202,56,28,22,120,11,240,2,192
3,192,13,240,26,248,63,252,81,140,100,38,197,167,179,207,93,187,170,119,95,250,114,78,56,28,28,56,11,240,2,192
3,192,11,240,21,120,63,252,80,12,101,166,199,231,241,143,190,127,221,247,44,58,90,94,44,60,22,120,11,240,3,192
3,192,13,240,26,248,63,252,81,140,100,38,197,167,179,207,93,187,170,119,95,250,114,78,56,28,28,56,11,240,2,192
; shears
12,0,12,0,12,0,12,0,12,0,30,0,18,0,51,0,63,0,115,128,97,128,97,128,192,192,192,192,128,64,128,64
8,64,8,64,12,192,4,128,7,128,7,128,12,192,28,224,59,112,48,48,96,24,96,24,64,8,192,12,128,4,128,4
2,16,2,16,3,48,1,32,1,224,1,224,3,48,7,56,14,220,12,12,24,6,24,6,16,2,48,3,32,1,32,1
0,48,0,48,0,48,0,48,0,48,0,120,0,72,0,204,0,252,1,206,1,134,1,134,3,3,3,3,2,1,2,1

@tilemap
                        
                        
                        
                        
                        
    **                 
   ***FFF              
      **     /FFFFFFFFFF
            / **W** *W**  
           /   ***  *W*   
          /          **   
  +     FF              
 FF                     
      FF                
                        
                        

@floorcolor RED
@wallcolor RED
@nastycolor GRN
@rampcolor WHT
@beltcolor WHT
@itemcolor GRN

@guardians
x=4 y=72(64..110) v=-2 f=0..3 RED
x=9 y=48(0..56) v=1 f=0..3 CYN
y=40 x=14(12..23) v=1 f=4..7 YEL

@floorudg 31,243,225,96,48,44,64,128
@walludg 9,18,10,31,228,8,8,8
@nastyudg 66,41,84,38,135,35,42,4
@rampudg 5,2,4,8,80,32,64,128
@beltudg 0,0,0,0,0,0,0,0
@itemudg 48,60,79,67,130,134,228,252
