@room 19
@playable
@title Forgotten Abbey
@conn 0 5 0 49
@spawn 88 56
@border BLU
@belt -1

@guardiansprites
; entity 74: page 180 sprite 0 f=0..7
14,0,21,0,42,128,23,0,255,0,22,0,12,0,31,128,63,128,127,0,42,0,127,0,111,0,127,0,24,0,56,0
3,128,5,64,10,160,5,192,127,192,5,128,3,0,7,224,15,224,31,192,10,128,31,192,27,192,31,192,24,128,56,0
0,224,1,80,2,168,1,112,15,240,1,96,0,192,1,248,3,248,7,240,2,160,7,240,6,240,7,240,6,48,0,96
0,56,0,84,0,170,0,92,1,252,0,88,0,48,0,126,0,254,1,252,0,168,1,252,1,188,1,252,1,24,0,56
28,0,42,0,85,0,58,0,63,128,26,0,12,0,126,0,127,0,63,128,21,0,63,128,61,128,63,128,24,128,28,0
7,0,10,128,21,64,14,128,15,240,6,128,3,0,31,128,31,192,15,224,5,64,15,224,15,96,15,224,12,96,6,0
1,192,2,160,5,80,3,160,3,254,1,160,0,192,7,224,7,240,3,248,1,80,3,248,3,216,3,248,1,24,0,28
0,112,0,168,1,84,0,232,0,255,0,104,0,48,1,248,1,252,0,254,0,84,0,254,0,246,0,254,0,24,0,28

@tilemap
WWWWWWWWWWWWWWWWWWWWWWWW
WWWWWWWWWWWWWWWWWWWWWWWW
W      *    *    *     W
W+                     W
W                      W
WW                     W
W                      W
W   <<<<<<<<<<<<<<<<<<<W
W           *          W
W                     FW
WFF                    W
F    FFFFFFFFFFFFFFFFFFW
F                      W
WW\                    
WWW\                   
WWWWWWWWWWWWWWWWWWWWWWWW

@floorcolor GRN
@wallcolor PUR
@nastycolor RED
@rampcolor PUR
@beltcolor CYN
@itemcolor YEL

@guardians
y=40 x=4(4..16) v=1 f=0..7 GRN
y=40 x=10(10..22) v=1 f=0..7 YEL
y=72 x=8(7..12) v=-1 f=0..7 RED
y=72 x=16(14..19) v=1 f=0..7 WHT
y=104 x=5(4..8) v=-1 f=0..7 YEL
y=104 x=11(10..20) v=-1 f=0..7 BLU

@floorudg 255,255,242,36,64,2,0,136
@walludg 68,170,17,68,17,170,68,17
@nastyudg 24,60,126,153,153,126,66,60
@rampudg 128,64,224,48,168,212,34,137
@beltudg 112,85,0,187,170,170,170,170
@itemudg 24,36,219,219,36,24,24,24
