@room 4
@playable
@title The Drive
@conn 6 3 45 5
@spawn 64 104
@border PUR
@belt 1

@guardiansprites
; entity 21: page 188 sprite 0 f=0..7
0,0,0,0,0,0,0,0,0,0,111,64,187,128,117,64,26,128,5,0,0,128,0,0,0,0,0,0,0,0,0,0
0,0,0,0,0,160,1,64,2,128,1,80,54,160,93,112,55,224,3,192,0,0,0,0,0,0,0,0,0,0,0,0
0,0,0,0,0,0,0,0,0,0,0,244,25,184,47,84,25,168,0,80,0,8,0,0,0,0,0,0,0,0,0,0
0,0,0,0,0,0,0,0,0,0,0,61,3,126,5,215,3,106,0,20,0,40,0,20,0,10,0,0,0,0,0,0
0,0,0,0,0,0,0,0,0,0,188,0,126,192,235,160,86,192,40,0,20,0,40,0,80,0,0,0,0,0,0,0
0,0,0,0,0,0,0,0,0,0,47,0,29,152,42,244,21,152,10,0,16,0,0,0,0,0,0,0,0,0,0,0
0,0,0,0,5,0,2,128,1,64,10,128,5,108,14,186,7,236,3,192,0,0,0,0,0,0,0,0,0,0,0,0
0,0,0,0,0,0,0,0,0,0,2,246,1,221,2,174,1,88,0,160,1,0,0,0,0,0,0,0,0,0,0,0

@tilemap
                        
                        
                        
                        
                        
                        
                        
  +                     
FFF\                    
WWWW\                   
WWWWW\                  
    WW\                 
    WWW\                
>>  WWWW\               
WW  WWWWW\              
WW  WWWWWWFFFFFFWWFFFFFF

@floorcolor YEL
@wallcolor CYN
@nastycolor GRN
@rampcolor CYN
@beltcolor RED
@itemcolor YEL

@guardians
y=40 x=5(0..6) v=-1 f=0..7 CYN
y=64 x=6(5..21) v=-1 f=0..7 YEL
y=88 x=16(12..21) v=-1 f=0..7 GRN
y=104 x=11(10..23) v=1 f=0..7 CYN

@floorudg 170,85,170,255,255,85,170,85
@walludg 112,7,119,119,0,59,11,125
@nastyudg 20,42,20,9,106,156,8,8
@rampudg 192,64,112,112,12,116,119,5
@beltudg 123,0,237,0,170,85,170,85
@itemudg 0,0,4,210,203,43,86,124 ; eaten chicken
