@room 14
@playable
@title Rescue Esmerelda
@conn 20 44 39 15
@spawn 0 56
@border BLU
@background RED
@belt 1

@guardiansprites
; clive guard
0,4,7,6,47,164,95,212,48,100,66,20,50,96,31,196,8,130,7,44,21,80,42,164,85,68,170,132,69,0,12,192
0,0,7,0,47,164,80,86,34,36,82,84,63,228,23,68,8,128,7,4,21,82,42,172,85,64,170,132,69,4,25,132
; Esmerelda
7,192,8,32,10,160,8,32,11,160,16,16,37,72,10,160,61,120,70,196,7,192,2,128,5,64,15,224,20,128,8,192
7,192,8,32,10,160,8,32,57,56,0,0,5,64,10,160,29,112,22,208,23,208,10,160,5,64,15,224,2,80,6,32
; flower
4,0,42,128,85,64,43,128,68,64,175,160,95,64,32,128	
85,64,42,128,4,0,4,0,8,0,62,0,65,0,129,0	
2,0,21,64,42,160,21,192,34,32,95,80,42,160,16,64	
42,160,21,64,2,0,2,0,14,0,17,128,32,64,0,0	
0,64,2,168,5,84,3,168,4,68,11,234,5,244,2,8	
5,84,2,168,0,64,0,64,0,112,1,136,2,4,0,0	
0,32,1,84,2,170,1,212,2,34,5,125,2,250,1,84	
2,170,1,84,0,32,0,32,0,16,0,124,0,130,0,129


@tilemap
                  W    W
                  W    W
                  +    W
                        
                >>>> 
                  W   /W
                     / W
                    /  W
                   /   W
WW  FWW  FWW  WWWWWW  FW 
WW  *WW  *WW          FW
WW  *WW  *WW          FW
WW  *WW  *WWW        F W
WW  *WW  *WWWW      F
WW  *WW  *WWWWW    F 
WWWWWWWWWWWWWWWW  F   WW

@floorcolor WHT
@wallcolor GRN
@nastycolor CYN
@rampcolor WHT
@beltcolor YEL
@itemcolor BLU

@guardians
x=2 y=48(48..96) v=4 f=0..1 YEL
x=7 y=64(40..104) v=1 f=0..1 GRN
y=32 x=5(0..9) v=-1 f=4..7 GRN
x=16 y=8(0..16) v=2 f=2..3 WHT

@floorudg 3,3,12,12,49,50,196,200
@walludg 238,0,187,0,238,0,187,0
@nastyudg 145,162,196,136,145,162,196,136
@beltudg 241,170,248,170,0,238,0,187
@itemudg 255,73,73,73,73,73,73,255
@rampudg 3,3,12,12,49,50,196,200
