@room 22
@playable
@title Main Stairway
@conn 28 21 0 23
@spawn 44 104
@border GRN
@background BLU
@belt -1

@guardiansprites
; entity 90: page 174 sprite 0 f=0..3
126,0,153,0,255,0,129,0,126,0,24,0,36,0,36,0,66,0,66,0,129,0,231,0,165,0,195,0,165,0,231,0
0,0,31,128,38,64,57,192,48,192,31,128,9,0,16,128,32,64,64,32,128,16,224,112,160,80,192,48,160,80,224,112
0,0,0,0,0,0,7,224,9,144,14,112,14,112,6,96,27,216,96,6,128,1,224,7,160,5,192,3,160,5,224,7
0,0,1,248,2,100,3,156,3,12,1,248,0,144,1,8,2,4,4,2,8,1,14,7,10,5,12,3,10,5,14,7
; entity 92: page 183 sprite 4 f=8..11
118,0,0,0,110,0,118,0,110,0,0,0,118,0,110,0,0,0,118,0,0,0,0,0,110,0,118,0,0,0,110,0
29,128,42,0,39,96,81,176,75,208,144,128,170,232,148,184,145,128,170,216,145,0,85,0,75,176,43,96,36,0,29,128
3,192,12,48,16,152,50,20,104,130,64,42,181,17,200,69,164,145,154,5,72,66,85,10,40,84,18,136,13,112,3,192
1,184,0,84,6,228,13,138,11,210,1,9,23,85,29,41,1,137,27,85,0,137,0,170,13,210,6,212,0,36,1,184

@tilemap
    W       \           
    W        \          
    W         \    *     
               \       
                \       
   FWFFFFFFFFFFF \  FFFF
    W+            \     
    W              \    
WWFFW FF  <<        \   
W   W           FFFFF\  
W   W        FF       \ 
                       \
                        
                        
WWWWWWWWWWWWWWWWWWWWWWWW
WWWWWWWWWWWWWWWWWWWWWWWW

@floorcolor CYN
@wallcolor RED
@nastycolor CYN
@rampcolor WHT
@beltcolor PUR
@itemcolor YEL

@guardians
y=24 x=2(0..7) v=1 f=0..3 PUR
y=24 x=12(9..14) v=-1 f=0..3 YEL
y=48 x=16(8..16) v=-1 f=4..7 WHT
y=72 x=2(1..3) v=1 f=4..7 RED
y=80 x=7(5..12) v=-1 f=4..7 YEL
y=96 x=16(0..23) v=-1 f=0..3 GRN

@floorudg 255,255,0,255,0,0,0,0
@walludg 0,21,191,21,0,81,251,81 ; invert
@nastyudg 24,90,189,25,126,153,36,36
@rampudg 192,128,48,32,12,8,3,2
@beltudg 240,170,120,255,170,85,170,85
@itemudg 64,160,240,248,252,122,37,2
