@room 13
@playable
@title Out on a limb
@conn 0 12 9 10
@spawn 88 80
@border CYN
@belt 0

@guardiansprites
; saw
0,0,0,0,0,0,0,0,0,0,0,0,0,0,0,0,0,0,0,0,0,0,0,0,6,0,63,0,31,0,13,0
0,0,0,0,0,0,0,0,0,0,0,0,0,0,1,128,15,192,7,64,3,64,79,64,7,64,3,32,15,32,135,32
0,96,3,240,1,208,0,208,3,208,1,208,0,200,3,200,1,200,0,200,11,200,33,200,0,200,11,196,1,196,32,196
0,0,0,0,0,0,0,0,0,0,0,24,0,252,0,116,0,52,0,244,0,116,1,54,0,250,2,122,0,58,4,250
0,0,0,0,0,0,0,0,0,0,0,0,0,0,0,0,0,0,0,0,0,0,0,0,48,0,126,0,124,0,88,0
0,0,0,0,0,0,0,0,0,0,0,0,0,0,12,0,31,128,23,0,22,0,23,128,23,0,38,16,39,128,39,8
3,0,7,224,5,192,5,128,5,224,5,192,9,128,9,224,9,208,9,128,9,232,9,194,9,128,17,232,17,192,17,130
0,0,0,0,0,0,0,0,0,0,0,192,1,248,1,112,1,96,1,120,1,112,2,96,2,120,2,112,2,97,2,120
; heed
7,224,15,240,31,248,223,251,63,252,31,248,49,140,42,84,48,140,93,250,141,177,154,89,18,72,24,24,44,52,199,227

@tilemap
                        
   +                    
                        
                        
                        
          F             
   F         F   F       
      F                 
                   F     
               F          
 F         F             
    F     F F            
       F   F WWWWWWWWWWW
  F           F******   
     F     F   F****    
        F        FF     

@floorcolor GRN
@wallcolor RED
@nastycolor RED
@rampcolor GRN
@beltcolor WHT
@itemcolor YEL

@guardians
x=8 y=88(0..104) v=4 f=8 CYN
y=80 x=15(14..22) v=-1 f=0..7 YEL

@floorudg 1,30,6,122,26,232,104,160
@walludg 7,255,252,56,24,16,32,0
@nastyudg 1,129,6,88,32,64,136,130
@beltudg 0,0,0,0,0,0,0,0
@itemudg 96,184,190,93,90,53,42,21
