@room 50
@playable
@title Watch Tower
@conn 255 255 16 255
@spawn 48 104
@border CYN
@background BLU
@belt 1

@guardiansprites
; flower
4,0,42,128,85,64,43,128,68,64,175,160,95,64,32,128,85,64,42,128,4,0,4,0,8,0,62,0,65,0,129,0
2,0,21,64,42,160,21,192,34,32,95,80,42,160,16,64,42,160,21,64,2,0,2,0,14,0,17,128,32,64,0,0
0,64,2,168,5,84,3,168,4,68,11,234,5,244,2,8,5,84,2,168,0,64,0,64,0,112,1,136,2,4,0,0
0,32,1,84,2,170,1,212,2,34,5,125,2,250,1,84,2,170,1,84,0,32,0,32,0,16,0,124,0,130,0,129
; shears
12,0,12,0,12,0,12,0,12,0,30,0,18,0,51,0,63,0,115,128,97,128,97,128,192,192,192,192,128,64,128,64
8,64,8,64,12,192,4,128,7,128,7,128,12,192,28,224,59,112,48,48,96,24,96,24,64,8,192,12,128,4,128,4
2,16,2,16,3,48,1,32,1,224,1,224,3,48,7,56,14,220,12,12,24,6,24,6,16,2,48,3,32,1,32,1
0,48,0,48,0,48,0,48,0,48,0,120,0,72,0,204,0,252,1,206,1,134,1,134,3,3,3,3,2,1,2,1

@tilemap
                        
                        
                        
                        
       />>>>>>>>        
      /                 
     /                  
    /                   
   /                   
  W                 +W  
  W   *         *   *W  
  WWWWWWWW   FWWWWWWWW  
        WW    WW        
        WW  F WW        
        WW    WW        
        WW F  WW        

@floorcolor YEL
@wallcolor PUR
@nastycolor GRN
@rampcolor WHT
@beltcolor CYN
@itemcolor YEL

@guardians
y=72 x=13(7..15) v=1 f=0..3 PUR
y=56 x=7(5..22) v=-1 f=4..7 YEL

@floorudg 255,255,170,85,170,85,0,0
@walludg 170,85,85,170,85,170,170,85
@nastyudg 70,137,137,54,72,131,132,104
@rampudg 1,2,4,8,16,32,64,128
@beltudg 246,255,231,0,0,0,0,0
@itemudg 116,56,102,191,191,157,66,60
