@room 28
@playable
@title First Landing
@conn 34 27 22 29
@spawn 44 104
@border PUR
@belt 0

@guardiansprites
; monk
14,0,21,0,42,128,23,0,255,0,22,0,12,0,31,128	
63,128,127,0,42,0,127,0,111,0,127,0,24,0,56,0	
3,128,5,64,10,160,5,192,127,192,5,128,3,0,7,224	
15,224,31,192,10,128,31,192,27,192,31,192,24,128,56,0	
0,224,1,80,2,168,1,112,15,240,1,96,0,192,1,248	
3,248,7,240,2,160,7,240,6,240,7,240,6,48,0,96	
0,56,0,84,0,170,0,92,1,252,0,88,0,48,0,126	
0,254,1,252,0,168,1,252,1,188,1,252,1,24,0,56	
28,0,42,0,85,0,58,0,63,128,26,0,12,0,126,0	
127,0,63,128,21,0,63,128,61,128,63,128,24,128,28,0	
7,0,10,128,21,64,14,128,15,240,6,128,3,0,31,128	
31,192,15,224,5,64,15,224,15,96,15,224,12,96,6,0	
1,192,2,160,5,80,3,160,3,254,1,160,0,192,7,224	
7,240,3,248,1,80,3,248,3,216,3,248,1,24,0,28	
0,112,0,168,1,84,0,232,0,255,0,104,0,48,1,248	
1,252,0,254,0,84,0,254,0,246,0,254,0,24,0,28

@tilemap
W                 W     
W                /W     
W               / W     
W              /  W  *  
W             /   W *** 
W            /    W  *  
W           /     W  *  
W          /      W  *  
W         /       W     
W        /        W+    
W       /         W     
W      /          W     
W     /                 
     /                  
    /            WFWFWFW
FFFFFFFFFFFFFFF  WWWWWWW

@floorcolor GRN
@wallcolor BLU
@nastycolor YEL
@rampcolor WHT
@beltcolor BLK
@itemcolor YEL

@guardians
y=96 x=19(17..23) v=-1 f=0..7 YEL

@floorudg 255,170,85,128,93,148,93,128
@walludg 4,85,0,85,136,85,0,34 ; invert
@nastyudg 126,129,165,153,153,165,129,126 ; invert
@rampudg 3,3,12,12,48,48,192,192
@itemudg 62,68,126,118,98,118,118,62 ; bible
