@room 0
@playable
@title The Off Licence
@conn 0 0 0 1
@spawn 44 104
@border CYN
@belt -1

@guardiansprites
; entity 12: page 190 sprite 0 f=4..7
12,0,18,0,33,0,45,0,33,0,18,0,12,0,12,0,30,0,0,0,55,0,64,0,13,64,172,64,64,128,46,0
14,192,29,160,31,0,31,224,31,0,29,160,14,192,3,0,7,128,0,0,14,192,0,32,43,0,35,80,16,96,7,0
4,8,6,24,7,56,15,252,7,56,6,216,4,200,0,192,1,224,0,0,1,208,4,8,8,212,10,192,0,8,3,176
0,220,1,110,0,62,1,254,0,62,1,110,0,220,0,48,0,120,0,0,0,184,1,2,2,177,0,53,1,0,0,220
; entity 10: page 190 sprite 4 f=0..3
0,0,0,0,7,224,31,184,61,236,127,254,125,246,251,247,251,247,127,238,127,222,63,252,31,248,7,224,0,0,0,0
1,128,7,224,15,240,30,248,31,120,63,124,59,252,55,244,55,252,63,236,63,236,31,216,31,56,15,240,7,224,1,128
; entity 44: page 186 sprite 1 f=8..8
7,224,15,240,31,248,255,255,31,248,31,248,49,140,42,84,113,142,158,249,141,241,29,184,50,76,88,26,76,50,7,224

@tilemap
                        
                        
                        
      WWWWWWWWWWWWWWWWWW
      W     +          W
      W                W
      W  *             W
      W                W
      W                W
      W      <<<<<<<<<<W
      W                W
      WWWW         /WWWW
                  /    W
                 /     W
                /      W
FFFFFFFFFFFFFFFFFFFFFFFF

@floorcolor GRN
@wallcolor YEL
@nastycolor CYN
@rampcolor WHT
@beltcolor PUR
@itemcolor GRN

@guardians
x=4 y=48(8..104) v=4 f=4..5 CYN
y=56 x=21(13..21) v=-1 f=0..3 GRN
x=2 y=32(0..104) v=2 f=6..6 RED

@floorudg 255,222,108,136,18,64,4,0 ; invert
@walludg 34,255,136,255,34,255,136,255
@nastyudg 248,136,158,189,189,158,136,248
@rampudg 3,0,12,0,48,0,192,0
@beltudg 51,255,51,0,255,0,170,0 ; invert
@itemudg 24,24,60,126,98,98,98,126
