@room 60
@playable
@title The Bow
@conn 255 59 255 255
@spawn 44 104
@border CYN
@belt 1

@guardiansprites
; entity 105: page 190 sprite 0 f=0..3
12,0,18,0,33,0,45,0,33,0,18,0,12,0,12,0,30,0,0,0,55,0,64,0,13,64,172,64,64,128,46,0
14,192,29,160,31,0,31,224,31,0,29,160,14,192,3,0,7,128,0,0,14,192,0,32,43,0,35,80,16,96,7,0
4,8,6,24,7,56,15,252,7,56,6,216,4,200,0,192,1,224,0,0,1,208,4,8,8,212,10,192,0,8,3,176
0,220,1,110,0,62,1,254,0,62,1,110,0,220,0,48,0,120,0,0,0,184,1,2,2,177,0,53,1,0,0,220
; entity 110: page 174 sprite 0 f=4..7
126,0,153,0,255,0,129,0,126,0,24,0,36,0,36,0,66,0,66,0,129,0,231,0,165,0,195,0,165,0,231,0
0,0,31,128,38,64,57,192,48,192,31,128,9,0,16,128,32,64,64,32,128,16,224,112,160,80,192,48,160,80,224,112
0,0,0,0,0,0,7,224,9,144,14,112,14,112,6,96,27,216,96,6,128,1,224,7,160,5,192,3,160,5,224,7
0,0,1,248,2,100,3,156,3,12,1,248,0,144,1,8,2,4,4,2,8,1,14,7,10,5,12,3,10,5,14,7

@tilemap
                        
                        
                        
                        
                        
               FFFFFFFFF
                W       
           F    W       
                WF+     
     \          W       
      \FFFFFFFFFFFFFFFFF
       \                  
        \                 
         \                
          \               
***********>>>>>>>>>>>>>

@floorcolor GRN
@wallcolor CYN
@nastycolor BLU
@rampcolor WHT
@beltcolor YEL
@itemcolor PUR

@guardians
y=24 x=17(16..22) v=-1 f=0..3 YEL
y=104 x=12(11..22) v=-1 f=4..7 PUR

@floorudg 255,170,85,255,0,0,0,0
@walludg 201,201,201,201,201,201,201,201
@nastyudg 64,130,82,0,0,0,0,0 ; invert
@rampudg 128,64,32,16,8,4,2,1
@beltudg 255,170,170,0,170,255,0,0
@itemudg 72,57,38,218,91,100,156,18
