@room 3
@playable
@title Foot of Megatree
@conn 8 2 0 4
@spawn 4 104
@border RED
@belt 0

@guardiansprites
; entity 7: page 191 sprite 0
128,0,64,0,163,96,83,96,41,192,22,160,11,224,7,112,2,168,5,212,2,42,3,229,3,226,3,97,3,98,7,112
0,0,0,0,6,48,86,48,169,192,86,160,11,224,6,48,3,232,5,212,2,42,3,228,3,234,23,100,14,96,4,112
0,0,0,0,3,96,3,96,1,192,30,160,43,224,86,180,163,106,69,213,130,34,3,225,3,226,3,96,3,96,7,112
0,0,0,0,6,48,86,48,169,192,86,160,11,224,7,244,2,42,5,213,2,34,3,225,3,224,3,116,3,56,7,16
; entity 53: page 181 sprite 0
0,0,0,0,0,0,0,0,0,0,0,0,0,0,0,0,0,0,0,0,0,0,0,0,6,0,63,0,31,0,13,0
0,0,0,0,0,0,0,0,0,0,0,0,0,0,1,128,15,192,7,64,3,64,79,64,7,64,3,32,15,32,135,32
0,96,3,240,1,208,0,208,3,208,1,208,0,200,3,200,1,200,0,200,11,200,33,200,0,200,11,196,1,196,32,196
0,0,0,0,0,0,0,0,0,0,0,24,0,252,0,116,0,52,0,244,0,116,1,54,0,250,2,122,0,58,4,250

@tilemap
 *  *  W       W         
 *  *  W       WWWWWWWWW
 *  *  W       W         
 *  *  W    FFFW         
 *  *  WF      WWWWWWWWW
 *  *  W  FF             
 *  *  W                 
 *  *  WF     FWWWWWWWWW
 *  *  W       W         
 *  *  W     FFW         
 *  +  WFF\    W         
       W   \   W         
       W    \  W         
             FF          
                     
FFFFFFFFFFFFFFFFFFFFFFFF

@floorcolor GRN
@wallcolor RED
@nastycolor YEL
@rampcolor WHT
@beltcolor WHT
@itemcolor WHT

@guardians
x=2 y=30(30..85) v=5 f=0..3 CYN
x=5 y=64(19..88) v=3 f=0..3 RED
y=104 x=9(4..12) v=-1 f=4..7 PUR

@floorudg 240,249,191,31,12,16,40,68
@walludg 171,171,173,170,170,174,85,85
@nastyudg 110,116,56,30,110,116,56,30
@rampudg 192,0,48,0,12,0,3,0
@beltudg 0,0,0,0,0,0,0,0
@itemudg 64,160,92,34,33,34,20,8
