@room 15
@playable
@title Looks familiar...
@conn 0 14 0 16
@spawn 1 56
@border PUR
@background BLU
@belt 0
@arrow y=50 x=40 v=-1 sound=36


@guardiansprites
; bird
0,0,0,0,0,0,0,0,0,0,111,64,187,128,117,64,26,128,5,0,0,128,0,0,0,0,0,0,0,0,0,0
0,0,0,0,0,160,1,64,2,128,1,80,54,160,93,112,55,224,3,192,0,0,0,0,0,0,0,0,0,0,0,0
0,0,0,0,0,0,0,0,0,0,0,244,25,184,47,84,25,168,0,80,0,8,0,0,0,0,0,0,0,0,0,0
0,0,0,0,0,0,0,0,0,0,0,61,3,126,5,215,3,106,0,20,0,40,0,20,0,10,0,0,0,0,0,0
0,0,0,0,0,0,0,0,0,0,188,0,126,192,235,160,86,192,40,0,20,0,40,0,80,0,0,0,0,0,0,0
0,0,0,0,0,0,0,0,0,0,47,0,29,152,42,244,21,152,10,0,16,0,0,0,0,0,0,0,0,0,0,0
0,0,0,0,5,0,2,128,1,64,10,128,5,108,14,186,7,236,3,192,0,0,0,0,0,0,0,0,0,0,0,0
0,0,0,0,0,0,0,0,0,0,2,246,1,221,2,174,1,88,0,160,1,0,0,0,0,0,0,0,0,0,0,0
; guard
2,4,5,14,10,132,21,196,23,68,43,228,47,224,18,68,8,130,7,44,21,80,42,164,85,68,170,132,69,0,29,192

@tilemap
                        
                        
                        
                        
                       +
                        
                        
                        
                        
WWWF  WWF  WWWF  WWF  WW
WWW*  WW*  WWW*  WW*  WW
WWW*  WW*  WWW*  WW*  WW
WWW*  WW*  WWW*  WW*  WW
WWW*  WW*  WWW*  WW*  WW
WWW*  WW*  WWW*  WW*  WW
WWWWWWWWWWWWWWWWWWWWWWWW

@floorcolor GRN
@wallcolor PUR
@nastycolor GRN
@rampcolor GRN
@beltcolor WHT
@itemcolor RED

@guardians
x=4 y=48(48..104) v=4 f=8 YEL
x=15 y=34(34..104) v=5 f=8 CYN
x=20 y=64(40..104) v=1 f=8 GRN
y=32 x=5(0..9) v=-1 f=0..7 GRN

@floorudg 128,64,32,80,72,84,82,85
@walludg 102,102,102,0,102,102,102,102 ; invert
@nastyudg 81,85,84,85,21,85,69,85
@beltudg 0,0,0,0,0,0,0,0
@itemudg 24,36,24,44,94,94,231,102
