@room 7
@playable
@title Cuckoo's Nest
@conn 0 0 2 8
@spawn 4 88
@border BLU
@belt 0
@arrow y=82 x=80 v=1 sound=115


@guardiansprites
; egg
12,0,22,0,47,0,47,0,79,128,95,128,95,128,159,192,191,192,189,192,186,192,189,64,90,128,93,128,63,0,12,0
0,0,0,0,0,0,0,112,3,152,12,120,51,248,71,240,95,240,191,240,190,160,189,96,90,192,93,64,63,128,14,0
0,0,0,0,0,0,0,0,3,192,28,120,33,252,79,254,95,254,159,255,191,239,95,86,95,174,35,84,31,248,3,192
0,0,0,0,0,0,14,0,23,192,23,240,19,252,11,254,11,254,11,215,5,235,5,215,2,234,2,126,1,140,0,112
; saw
0,0,0,0,0,0,0,0,0,0,0,0,0,0,0,0,0,0,0,0,0,0,0,0,6,0,63,0,31,0,13,0
0,0,0,0,0,0,0,0,0,0,0,0,0,0,1,128,15,192,7,64,3,64,79,64,7,64,3,32,15,32,135,32
0,96,3,240,1,208,0,208,3,208,1,208,0,200,3,200,1,200,0,200,11,200,33,200,0,200,11,196,1,196,32,196
0,0,0,0,0,0,0,0,0,0,0,24,0,252,0,116,0,52,0,244,0,116,1,54,0,250,2,122,0,58,4,250

@tilemap
                        
                        
                        
                        
                        
                        
                        
            +            
                        
                        
             **          
           /FFFF         
          /FFFFF         
WWWWWWWWWWWWFFFF         
           FFFF          
                        

@floorcolor GRN
@wallcolor RED
@nastycolor YEL
@rampcolor WHT
@beltcolor WHT
@itemcolor WHT

@guardians
y=64 x=12(9..16) v=-1 f=0..3 CYN
y=88 x=6(0..8) v=-1 f=4..7 PUR

@floorudg 4,3,201,216,48,54,35,1
@walludg 255,96,14,240,3,60,199,56
@nastyudg 194,52,11,68,136,11,48,8
@rampudg 3,0,12,0,48,0,192,0
@beltudg 0,0,0,0,0,0,0,0
@itemudg 32,24,169,219,126,126,60,90
