@room 18
@playable
@title On the Roof
@conn 255 17 0 48
@spawn 1 56
@border RED
@belt 1
@rope

@guardiansprites
; entity 34: page 184 sprite 0 f=0..7
0,0,6,0,8,0,56,0,80,0,240,0,248,0,60,0,62,0,126,0,159,0,31,0,31,192,14,192,24,0,96,0
0,0,0,0,15,0,20,128,60,0,14,0,63,0,15,128,31,128,47,192,15,192,7,240,3,176,1,0,2,0,4,0
0,0,0,96,0,128,3,128,13,0,7,0,3,128,7,192,11,224,7,224,9,240,1,240,1,252,0,236,1,128,6,0
0,0,0,0,0,4,0,8,0,112,0,160,1,224,0,112,1,248,0,120,1,252,0,124,0,124,0,127,0,59,0,240
4,0,4,0,12,0,12,0,22,0,30,0,62,0,108,0,158,0,63,0,63,0,63,0,127,0,86,0,28,0,6,0
4,128,8,64,19,32,19,32,23,160,19,32,31,224,27,96,39,144,15,192,15,192,15,192,15,192,29,128,3,128,1,0
0,128,0,128,0,192,0,192,1,160,1,224,1,240,0,216,1,228,3,240,3,240,3,240,3,248,1,168,0,224,1,128
0,72,0,132,1,50,1,2,1,122,1,122,1,254,1,182,2,121,0,252,0,252,0,252,0,252,0,110,0,112,0,32

@tilemap
                        
                        
                        
                        
                        
                        
                        
                   WWF   
                   WW*F  
WWWWF              WWWWW
WWWW*              WWWWW
WWWW*              WWWWW
WWWWWF            +WWWWW
WWWWW*             WWWWW
WWWWW*  WWF        WWWWW
WWWWWWWWWWWW>>>>>WWWWWWW

@floorcolor WHT
@wallcolor GRN
@nastycolor YEL
@rampcolor WHT
@beltcolor PUR
@itemcolor CYN

@guardians
y=104 x=18(11..18) v=-1 f=0..7 CYN

@emptyudg 0,0,0,0,0,0,0,0
@floorudg 128,192,224,208,88,156,222,205
@walludg 17,248,7,8,240,15,208,63 ; invert
@nastyudg 85,153,221,204,85,153,221,204
@beltudg 240,240,240,255,255,0,0,255
@itemudg 1,2,5,10,84,40,48,72
