@room 8
@playable
@title Inside MegaTrunk
@conn 12 7 3 9
@spawn 48 104
@border GRN
@belt 0

@guardiansprites
; flower
4,0,42,128,85,64,43,128,68,64,175,160,95,64,32,128,85,64,42,128,4,0,4,0,8,0,62,0,65,0,129,0
2,0,21,64,42,160,21,192,34,32,95,80,42,160,16,64,42,160,21,64,2,0,2,0,14,0,17,128,32,64,0,0
0,64,2,168,5,84,3,168,4,68,11,234,5,244,2,8,5,84,2,168,0,64,0,64,0,112,1,136,2,4,0,0
0,32,1,84,2,170,1,212,2,34,5,125,2,250,1,84,2,170,1,84,0,32,0,32,0,16,0,124,0,130,0,129
; head
7,224,15,240,223,251,63,252,31,248,31,248,49,140,106,86	
177,141,158,249,13,240,29,184,54,108,89,154,140,49,7,224	
7,224,15,240,31,248,255,255,31,248,31,248,49,140,42,84	
113,142,158,249,141,241,29,184,50,76,88,26,76,50,7,224	
7,224,15,240,31,248,223,251,63,252,31,248,49,140,42,84	
48,140,93,250,141,177,154,89,18,72,24,24,44,52,199,227	
7,224,143,241,95,250,63,252,31,248,17,136,46,116,42,84	
113,142,94,250,141,241,29,184,18,72,120,30,140,49,7,224

@tilemap
       W       W           
       W       W           
       W                   
       W    FF       
       FF            
              FWWWWW\     
           FF  W     \     
WWWWWWWW       W      +  
 *  *  WF      W         
 *  *  W    FFFW          
 *  *  W                   
 *  *  W   FF               
 *  *  W                  
 *  *  WF      WWWWWWWWW
 *  *  W       W           
 *  *  W    FFFW           

@floorcolor GRN
@wallcolor RED
@nastycolor YEL
@rampcolor WHT
@beltcolor WHT
@itemcolor YEL

@guardians
x=9 y=32(0..104) v=2 f=4..7 RED ; head
y=40 x=6(0..8) v=-1 f=0..3 CYN ; flower
y=88 x=19(13..23) v=-1 f=0..3 GRN ; flower
y=24 x=18(14..23) v=-1 f=0..3 YEL ; flower

@floorudg 245,250,191,31,38,20,34,16
@walludg 171,171,173,170,170,174,85,85
@nastyudg 110,116,56,30,110,116,56,30
@rampudg 64,0,16,0,4,0,1,0
@beltudg 0,0,0,0,0,0,0,0
@itemudg 18,36,40,40,124,174,172,120 ; rabbit head
