@room 48
@playable
@title Nomen Luni
@conn 255 18 42 255
@spawn 40 96
@border RED
@belt 0

@guardiansprites
; robot
12,0,18,0,33,0,45,0,33,0,18,0,12,0,12,0,30,0,0,0,55,0,64,0,13,64,172,64,64,128,46,0
14,192,29,160,31,0,31,224,31,0,29,160,14,192,3,0,7,128,0,0,14,192,0,32,43,0,35,80,16,96,7,0
4,8,6,24,7,56,15,252,7,56,6,216,4,200,0,192,1,224,0,0,1,208,4,8,8,212,10,192,0,8,3,176
0,220,1,110,0,62,1,254,0,62,1,110,0,220,0,48,0,120,0,0,0,184,1,2,2,177,0,53,1,0,0,220
; lumberjerk
128,0,64,0,163,96,83,96,41,192,22,160,11,224,7,112,2,168,5,212,2,42,3,229,3,226,3,97,3,98,7,112
0,0,0,0,6,48,86,48,169,192,86,160,11,224,6,48,3,232,5,212,2,42,3,228,3,234,23,100,14,96,4,112
0,0,0,0,3,96,3,96,1,192,30,160,43,224,86,180,163,106,69,213,130,34,3,225,3,226,3,96,3,96,7,112
0,0,0,0,6,48,86,48,169,192,86,160,11,224,7,244,2,42,5,213,2,34,3,225,3,224,3,116,3,56,7,16
; moon
3,192,14,240,29,248,62,252,83,206,101,166,164,39,113,143
191,247,85,239,110,118,83,202,56,28,22,120,11,240,2,192

@tilemap
                        
                        
                        
                        
                        
             WWWWWW  S  
          F   WWWW   FF  
               WW       
       FFF     WW  F     
             F WW      W
               WW     WW
          /FF  WW   WWWW
         /    FWW    F W
        /      WW  F  +W
       / WWWWWWWWWWWWWW 
      /  WWWWWWWWWWWWW 

@floorcolor CYN
@wallcolor PUR
@nastycolor YEL
@rampcolor WHT
@beltcolor WHT
@itemcolor RED

@guardians
y=16 x=1(0..6) v=-1 f=0..3 YEL
y=24 x=15(13..18) v=1 f=0..3 GRN
x=17 y=96(56..96) v=-1 f=4..7 YEL
x=11 y=24(0..64) v=2 f=8 CYN

@floorudg 255,34,68,136,85,34,0,0
@walludg 170,112,170,108,177,95,170,85 ; invert
@nastyudg 85,162,85,152,28,42,69,138
@rampudg 3,0,12,0,52,10,196,0
@beltudg 0,0,0,0,0,0,0,0
@itemudg 60,122,244,70,246,254,246,246 ; takeout bag