@room 2
@playable
@title Under the MegaTree
@conn 0 1 0 3
@spawn 44 104
@border YEL
@belt 0

@guardiansprites
; bird
0,0,0,0,0,0,0,0,0,0,111,64,187,128,117,64,26,128,5,0,0,128,0,0,0,0,0,0,0,0,0,0
0,0,0,0,0,160,1,64,2,128,1,80,54,160,93,112,55,224,3,192,0,0,0,0,0,0,0,0,0,0,0,0
0,0,0,0,0,0,0,0,0,0,0,244,25,184,47,84,25,168,0,80,0,8,0,0,0,0,0,0,0,0,0,0
0,0,0,0,0,0,0,0,0,0,0,61,3,126,5,215,3,106,0,20,0,40,0,20,0,10,0,0,0,0,0,0
0,0,0,0,0,0,0,0,0,0,188,0,126,192,235,160,86,192,40,0,20,0,40,0,80,0,0,0,0,0,0,0
0,0,0,0,0,0,0,0,0,0,47,0,29,152,42,244,21,152,10,0,16,0,0,0,0,0,0,0,0,0,0,0
0,0,0,0,5,0,2,128,1,64,10,128,5,108,14,186,7,236,3,192,0,0,0,0,0,0,0,0,0,0,0,0
0,0,0,0,0,0,0,0,0,0,2,246,1,221,2,174,1,88,0,160,1,0,0,0,0,0,0,0,0,0,0,0
; pinhead
7,224,15,240,223,251,63,252,31,248,31,248,49,140,106,86,177,141,158,249,13,240,29,184,54,108,89,154,140,49,7,224

@tilemap
      ****** *****  +   
WWWWWWWWW****** ***    
        ****F  FF*     
                       
WWWW                   
      FF     F      F   
          F      F      
WWWWWW               F  
        FF  F   F      
                       
                       
                       
                       
                       
                       
FFFFFFFFFFFFFFFFFFFFFFFF

@floorcolor GRN
@wallcolor RED
@nastycolor YEL
@rampcolor WHT
@beltcolor WHT
@itemcolor BLU

@guardians
y=104 x=16(0..22) v=-1 f=0..7 CYN
y=24 x=22(5..22) v=-1 f=0..7 RED
x=14 y=72(48..87) v=-3 f=8 PUR

@floorudg 215,179,117,109,92,24,8,4
@walludg 189,170,93,162,243,10,6,1
@nastyudg 73,106,59,58,252,30,107,232
@rampudg 0,0,0,255,0,0,0,0
@itemudg 129,66,36,24,60,24,60,195
