@room 49
@playable
@title The Wine Cellar
@conn 52 19 0 51
@spawn 8 0
@border GRN
@belt 1

@guardiansprites
; entity 64: page 180 sprite 0 f=8..15
14,0,21,0,42,128,23,0,255,0,22,0,12,0,31,128,63,128,127,0,42,0,127,0,111,0,127,0,24,0,56,0
3,128,5,64,10,160,5,192,127,192,5,128,3,0,7,224,15,224,31,192,10,128,31,192,27,192,31,192,24,128,56,0
0,224,1,80,2,168,1,112,15,240,1,96,0,192,1,248,3,248,7,240,2,160,7,240,6,240,7,240,6,48,0,96
0,56,0,84,0,170,0,92,1,252,0,88,0,48,0,126,0,254,1,252,0,168,1,252,1,188,1,252,1,24,0,56
28,0,42,0,85,0,58,0,63,128,26,0,12,0,126,0,127,0,63,128,21,0,63,128,61,128,63,128,24,128,28,0
7,0,10,128,21,64,14,128,15,240,6,128,3,0,31,128,31,192,15,224,5,64,15,224,15,96,15,224,12,96,6,0
1,192,2,160,5,80,3,160,3,254,1,160,0,192,7,224,7,240,3,248,1,80,3,248,3,216,3,248,1,24,0,28
0,112,0,168,1,84,0,232,0,255,0,104,0,48,1,248,1,252,0,254,0,84,0,254,0,246,0,254,0,24,0,28

@tilemap
                *  WWWWW
                   WWWWW
FFFF               WWWWW
                     WWW
                     WWW
WWWWF   F  FF   FFFWWWWW
WWW                   WW
WWW                   WW
WWWWF   F  F   FFFFWWWWW
WW                   WWW
WW+                  WWW
WWWWF   F  F  FFFFFFFFFF
WWW     *  *   *   />>>>
WWW               /WWWWW
WWWWWW           /WWWWWW
WWWWWWWWWWWWWWWWWWWWWWWW

@floorcolor RED
@wallcolor CYN
@nastycolor YEL
@rampcolor CYN
@beltcolor BLU
@itemcolor GRN

@guardians
y=104 x=12(6..15) v=-1 f=0..7 PUR
y=24 x=17(0..19) v=-1 f=0..7 PUR
y=48 x=7(4..19) v=1 f=0..7 YEL
y=72 x=12(3..19) v=-1 f=0..7 GRN

@floorudg 255,24,231,16,199,56,0,0
@walludg 10,65,40,5,160,20,130,80 ; invert
@nastyudg 36,36,36,90,219,189,195,126
@rampudg 3,3,13,14,53,58,213,234
@beltudg 170,85,170,85,170,85,170,85
@itemudg 0,25,249,31,0,25,255,31
