@room 57
@playable
@title Above W Bedroom
@conn 0 56 55 0
@spawn 68 104
@border RED
@belt 0

@guardiansprites
; clive guard
0,4,7,6,47,164,95,212,48,100,66,20,50,96,31,196,8,130,7,44,21,80,42,164,85,68,170,132,69,0,12,192
0,0,7,0,47,164,80,86,34,36,82,84,63,228,23,68,8,128,7,4,21,82,42,172,85,64,170,132,69,4,25,132
; jelly
3,0,4,128,5,192,11,160,21,64,23,96,23,96,31,224,19,144,45,104,47,120,47,120,47,120,47,120,175,121,127,254
0,192,1,32,1,112,2,232,5,80,5,216,5,216,7,248,9,200,22,180,23,188,23,188,23,188,23,188,151,189,127,254

@tilemap
                        
                        
                        
                        
                        
                        
                    /FFF
                   /*F  
                  /* F  
                 /*+ F  
                /*   F  
               /FFFFFFFF
         F    /*        
      F      /*         
            WW          
     F      WW  FFFFF 

@floorcolor GRN
@wallcolor WHT
@nastycolor YEL
@rampcolor WHT
@beltcolor WHT
@itemcolor CYN

@guardians
x=7 y=50(15..80) v=-5 f=0..1 CYN
x=10 y=24(0..80) v=1 f=2..3 RED

@floorudg 247,170,85,239,0,0,0,0
@walludg 170,85,170,85,170,85,170,85
@nastyudg 48,96,192,128,0,0,0,0
@rampudg 1,0,6,9,19,6,108,152
@beltudg 0,0,0,0,0,0,0,0 ; invert
@itemudg 8,16,32,33,18,172,64,32
