@room 42
@playable
@title Under the Roof
@conn 48 41 36 43
@spawn 68 104
@border RED
@background BLU
@belt 1
@arrow y=97 x=80 v=1 sound=115


@guardiansprites
; entity 55: page 187 sprite 0 f=0..3
12,0,54,128,127,64,126,128,253,0,254,128,255,128,255,0,85,0,42,0,20,0,42,0,20,0,8,0,20,0,8,0
3,0,13,160,31,208,31,160,63,64,63,160,63,224,63,192,53,64,42,128,5,0,10,128,5,0,2,0,5,0,2,0
0,192,3,104,7,244,7,232,15,208,15,232,15,248,15,240,5,80,10,160,1,64,2,160,9,64,0,128,1,64,0,128
0,48,0,218,1,253,1,250,3,244,3,250,3,254,3,252,3,84,2,168,0,80,0,168,0,80,0,32,0,80,0,32
; entity 39: page 175 sprite 0 f=4..7
56,0,124,0,126,0,109,128,68,64,108,64,124,32,124,0,124,12,124,50,252,204,255,48,252,192,127,0,108,0,56,0
14,96,31,148,31,8,27,32,17,80,27,80,31,160,31,160,127,64,223,64,223,128,159,128,127,0,31,0,27,0,14,0
3,128,7,192,7,224,6,216,4,68,14,196,127,194,239,192,239,192,143,192,119,192,7,192,7,192,7,192,6,192,3,128
0,224,1,240,1,240,1,178,1,21,1,181,1,250,1,250,7,244,13,244,13,248,9,248,7,240,1,240,1,176,0,224

@tilemap
        *************** 
       /   *  ***  *     
      /   *** *** ***    
     /         *         
    /                   
   /                    
  /     >>>>>>>>>>>>>>>>
WWWFF             +     
                        
                        
                        
          WW      F
      FF  WW    F        
FFFF      WW  F         
FF       FWW            
          WW     F      

@floorcolor GRN
@wallcolor RED
@nastycolor CYN
@rampcolor WHT
@beltcolor YEL
@itemcolor WHT

@guardians
y=72 x=3(0..6) v=1 f=0..3 WHT
y=64 x=10(10..16) v=1 f=4..7 CYN

@floorudg 181,170,85,74,37,66,1,2
@walludg 102,182,109,187,102,185,109,182
@nastyudg 102,170,95,188,99,172,107,164 ; invert
@rampudg 1,2,4,40,16,40,64,128
@beltudg 165,170,189,102,102,102,102,102
@itemudg 62,127,83,83,62,42,22,60 ; skull
