@room 46
@playable
@title Tree Root
@conn 3 47 0 45
@spawn 4 104
@border BLU
@belt -1

@guardiansprites
; entity 35: page 184 sprite 0
0,0,6,0,8,0,56,0,80,0,240,0,248,0,60,0,62,0,126,0,159,0,31,0,31,192,14,192,24,0,96,0
0,0,0,0,15,0,20,128,60,0,14,0,63,0,15,128,31,128,47,192,15,192,7,240,3,176,1,0,2,0,4,0
0,0,0,96,0,128,3,128,13,0,7,0,3,128,7,192,11,224,7,224,9,240,1,240,1,252,0,236,1,128,6,0
0,0,0,0,0,4,0,8,0,112,0,160,1,224,0,112,1,248,0,120,1,252,0,124,0,124,0,127,0,59,0,240
4,0,4,0,12,0,12,0,22,0,30,0,62,0,108,0,158,0,63,0,63,0,63,0,127,0,86,0,28,0,6,0
4,128,8,64,19,32,19,32,23,160,19,32,31,224,27,96,39,144,15,192,15,192,15,192,15,192,29,128,3,128,1,0
0,128,0,128,0,192,0,192,1,160,1,224,1,240,0,216,1,228,3,240,3,240,3,240,3,248,1,168,0,224,1,128
0,72,0,132,1,50,1,2,1,122,1,122,1,254,1,182,2,121,0,252,0,252,0,252,0,252,0,110,0,112,0,32
; entity 40: page 186 sprite 0
7,224,15,240,223,251,63,252,31,248,31,248,49,140,106,86,177,141,158,249,13,240,29,184,54,108,89,154,140,49,7,224

@tilemap
WW  WWWWWWWWWWWWWWWWWWWW
WW  WWWWWWWWWWWWWWWWWWWW
WW  WWWWWWWWWWWWWWWWWWWW
WW  WW+ WWWWWWWWWWWWWWWW
WW  WW  WWWW    WW     W
WW  WW  WWWW    WW     W
WW  WW          WW     W
WW  WW          WW     W
      FF        WW     W
                       W
<<<<<<<<<             /W
           FFFFFFFF  /WW
                    /WWW
                   /WWWW
   *   *  *   *   /WWWWW
WWWWWWWWWWWWWWWWWWWWWWWW

@floorcolor YEL
@wallcolor PUR
@nastycolor RED
@rampcolor PUR
@beltcolor GRN
@itemcolor WHT

@guardians
x=2 y=32(0..64) v=-2 f=8 CYN
x=9 y=56(48..96) v=2 f=8 CYN
y=72 x=11(11..18) v=1 f=0..7 RED
x=19 y=72(32..80) v=2 f=8 PUR

@floorudg 255,255,0,0,0,0,0,0
@walludg 102,153,36,36,119,136,141,114
@nastyudg 28,42,95,125,190,254,210,124
@rampudg 3,2,13,2,49,8,213,34
@beltudg 238,170,56,255,255,16,16,56
@itemudg 2,29,34,94,190,124,56,16
