@room 43
@playable
@title Conservatory Roof
@conn 0 42 37 0
@spawn 44 104
@border CYN
@belt 1

@guardiansprites
; entity 106: page 174 sprite 0 f=0..3
126,0,153,0,255,0,129,0,126,0,24,0,36,0,36,0,66,0,66,0,129,0,231,0,165,0,195,0,165,0,231,0
0,0,31,128,38,64,57,192,48,192,31,128,9,0,16,128,32,64,64,32,128,16,224,112,160,80,192,48,160,80,224,112
0,0,0,0,0,0,7,224,9,144,14,112,14,112,6,96,27,216,96,6,128,1,224,7,160,5,192,3,160,5,224,7
0,0,1,248,2,100,3,156,3,12,1,248,0,144,1,8,2,4,4,2,8,1,14,7,10,5,12,3,10,5,14,7
; entity 61: page 173 sprite 0 f=4..7
12,0,12,0,12,0,12,0,12,0,30,0,18,0,51,0,63,0,115,128,97,128,97,128,192,192,192,192,128,64,128,64
8,64,8,64,12,192,4,128,7,128,7,128,12,192,28,224,59,112,48,48,96,24,96,24,64,8,192,12,128,4,128,4
2,16,2,16,3,48,1,32,1,224,1,224,3,48,7,56,14,220,12,12,24,6,24,6,16,2,48,3,32,1,32,1
0,48,0,48,0,48,0,48,0,48,0,120,0,72,0,204,0,252,1,206,1,134,1,134,3,3,3,3,2,1,2,1

@tilemap
                        
                        
                        
                        
                        
                        
                        
               /WWWWWWWW
              /  * *+ * 
             /         
            /          
           /           
          /            
         /         F>>>>
        /           FFFF
       /         F      

@floorcolor GRN
@wallcolor CYN
@nastycolor PUR
@rampcolor WHT
@beltcolor CYN
@itemcolor GRN

@guardians
y=88 x=16(13..23) v=-1 f=0..3 RED
y=40 x=17(15..23) v=1 f=4..7 YEL

@floorudg 172,83,42,208,138,36,34,4
@walludg 247,239,0,0,0,102,102,0
@nastyudg 218,213,127,46,17,31,10,27
@rampudg 1,2,4,16,8,32,64,128
@beltudg 172,83,42,208,138,36,34,4
@itemudg 24,24,248,60,126,96,96,126
