@room 54
@playable
@title West Wing
@conn 56 31 52 55
@border RED
@belt 0

@guardiansprites
; entity 97: page 172 sprite 0 f=0..1
32,4,174,236,187,125,224,7,189,181,160,4,59,124,0,0,29,176,32,4,59,124,162,68,253,183,160,4,59,220,32,4
32,4,58,220,61,189,224,7,59,117,32,4,61,188,0,0,27,112,32,4,61,189,162,69,251,119,160,5,61,237,32,4
; entity 89: page 176 sprite 6 f=2..3
1,128,0,0,1,128,69,145,1,128,137,162,69,145,1,128,205,179,205,179,205,179,205,179,35,196,18,72,13,176,0,0
1,128,0,0,1,128,137,162,1,128,69,145,137,162,1,128,205,179,205,179,205,179,205,179,35,196,18,72,13,176,0,0
; entity 20: page 188 sprite 0 f=4..7
12,0,18,0,33,16,18,32,140,64,82,128,47,0,47,0	
95,128,95,128,95,128,0,0,255,192,93,128,93,128,255,192	
0,1,0,2,131,4,76,200,35,16,20,160,11,192,11,192	
23,224,23,224,23,224,0,0,63,240,27,176,27,176,63,240	
128,0,64,0,32,1,17,226,8,196,5,40,2,240,2,240	
5,248,5,248,5,248,0,0,15,252,11,116,11,116,15,252	
0,0,0,0,8,48,4,204,2,49,1,74,0,188,0,188	
1,126,1,126,1,126,0,0,3,255,2,237,2,237,3,255

@tilemap
   WW                   
   WW                  /
   WW                 / 
FFFWW                /  
   WW               /   
   WW              /    
                  /     
                 /      
    +           /       
               /        
              /         
             /  S       
FFFFFFFFF   /FFFFFFFFFFW
           /           W
          /FFFFFFFFFFFFW
         /WWWWWWWWWWWWWW

@floorcolor BLU
@wallcolor GRN
@nastycolor WHT
@rampcolor WHT
@beltcolor WHT
@itemcolor YEL

@guardians
x=9 y=32(0..96) v=4 f=0..1 CYN
x=3 y=48(40..56) v=0 f=2..3 YEL
y=80 x=6(0..6) v=-1 f=4..7 RED

@floorudg 249,255,63,213,170,21,74,132
@walludg 172,174,1,173,173,2,172,232
@nastyudg 0,0,0,0,0,0,0,0
@rampudg 3,3,12,12,48,48,192,192
@beltudg 0,0,0,0,0,0,0,0
@itemudg 56,68,68,68,124,124,124,56 ; pill
