@room 33
@playable
@title The Bathroom
@conn 255 255 255 34
@spawn 64 104
@border GRN
@belt -1

@guardiansprites
; balls
60,0,110,0,167,0,165,0,119,0,163,0,98,0,44,0	
52,0,70,0,197,0,238,0,165,0,229,0,118,0,60,0	
0,0,0,0,0,176,1,72,3,252,0,68,2,12,2,124	
53,216,70,240,197,0,238,0,165,0,229,0,118,0,60,0	
0,0,0,0,0,0,0,0,0,0,0,0,0,0,0,0	
52,52,70,70,197,197,238,238,165,165,229,229,118,118,60,60	
0,0,0,0,15,0,27,128,62,64,48,64,34,0,63,192	
18,180,13,70,0,197,0,238,0,165,0,229,0,118,0,60
; toilet
0,15,0,63,0,15,48,15,12,15,3,15,0,207,0,47	
0,8,63,248,63,240,63,238,31,223,31,219,15,251,15,251	
0,15,0,63,0,15,0,15,0,15,0,15,0,15,63,239	
0,8,63,248,63,240,63,238,31,223,31,219,15,251,15,251	
3,175,1,191,1,143,1,143,127,143,127,143,71,207,15,207	
0,8,63,248,63,240,63,238,31,223,31,219,15,251,15,251	
0,15,4,63,30,47,59,47,93,143,14,143,7,207,15,207	
0,8,63,248,63,240,63,238,31,223,31,219,15,251,15,251

@vguard 0

@tilemap
WW                     W
WW                     W
WW                     W
                       W
                       W
FFFFFFFFFF  /WFFFFFFFFFW
W          / W         W
W         /  W         W
W        /   W         W
W       /    W         W
W      /     W         W
W     /      W         W
W    /       W         W
    FF            +    W
                <<<    W
FFFFFFFFFFFFFFFFFFFFFFFF

@floorcolor RED
@wallcolor YEL
@nastycolor YEL
@rampcolor WHT
@beltcolor CYN
@itemcolor YEL

@guardians
y=24 x=12(0..21) v=-1 f=0..3 GRN # horizontal, because y is constant (measured in pixels) and x (measured in tiles) has a range. v starts negative here
x=21 y=104(104..104) v=0 f=4..5 WHT

@floorudg 0,64,9,100,146,45,150,255 ; invert
@walludg 31,170,0,85,248,85,0,170 ; invert
@rampudg 3,0,12,0,48,0,192,0
@beltudg 165,0,0,0,0,0,0,0 ; invert
@itemudg 31,4,10,119,135,177,170,10
