@room 45
@playable
@title Under the Drive
@conn 4 46 0 6
@spawn 91 64
@border GRN
@belt -1

@guardiansprites
; entity 29: page 178 sprite 4 f=8..11
3,192,14,240,29,248,62,252,83,206,101,166,164,39,113,143,191,247,85,239,110,118,83,202,56,28,22,120,11,240,2,192
3,192,13,240,26,248,63,252,81,140,100,38,197,167,179,207,93,187,170,119,95,250,114,78,56,28,28,56,11,240,2,192
3,192,11,240,21,120,63,252,80,12,101,166,199,231,241,143,190,127,221,247,44,58,90,94,44,60,22,120,11,240,3,192
3,192,13,240,26,248,63,252,81,140,100,38,197,167,179,207,93,187,170,119,95,250,114,78,56,28,28,56,11,240,2,192
; entity 68: page 174 sprite 4 f=12..19
12,0,18,0,33,16,18,32,140,64,82,128,47,0,47,0,95,128,95,128,95,128,0,0,255,192,93,128,93,128,255,192
0,1,0,2,131,4,76,200,35,16,20,160,11,192,11,192,23,224,23,224,23,224,0,0,63,240,27,176,27,176,63,240
128,0,64,0,32,1,17,226,8,196,5,40,2,240,2,240,5,248,5,248,5,248,0,0,15,252,11,116,11,116,15,252
0,0,0,0,8,48,4,204,2,49,1,74,0,188,0,188,1,126,1,126,1,126,0,0,3,255,2,237,2,237,3,255

@tilemap
W                WWWWWWW
W                WWWWWWW
W                FWWWWWW
W              FFFWWWWWW
W                 WWWWWW
W\         F     +   WWW
WW\           FF      WW
WWW\                   W
WWWW\     FF          
WWWWW\        *      
WWWWWW\     <<<<<<<<<<<<
WWWWWWW\                
WWWWWWWW\               
WWWWWWWWW\              
WWWWWWWWWW\  *   *  *  
WWWWWWWWWWWWWWWWWWWWWWWW

@floorcolor YEL
@wallcolor BLU
@nastycolor GRN
@rampcolor BLU
@beltcolor RED
@itemcolor BLU

@guardians
x=12 y=24(0..64) v=2 f=0..3 CYN
y=64 x=16(15..22) v=-1 f=4..7 PUR

@floorudg 255,255,165,88,36,66,32,0
@walludg 16,42,85,160,16,32,16,8 ; invert
@nastyudg 24,24,20,34,34,85,17,40
@rampudg 128,64,160,80,168,84,170,85
@beltudg 224,170,248,0,255,255,102,102
@itemudg 0,0,2,28,56,4,124,62 ; poop
