@room 37
@playable
@title Orangery
@conn 43 36 31 56
@spawn 44 104
@border YEL
@belt -1
@arrow y=66 x=80 v=1 sound=115


@guardiansprites
; entity 97: page 172 sprite 4 f=0..3
15,240,23,232,24,24,55,204,40,36,83,146,100,74,169,43,170,43,106,74,105,146,36,36,51,204,24,24,23,232,15,240
0,224,7,240,56,24,115,204,100,38,73,147,82,75,212,43,213,42,212,202,210,18,73,228,36,12,19,244,8,120,7,128
1,128,7,224,24,24,115,206,164,37,201,149,210,85,212,85,212,149,210,37,201,201,228,19,115,230,24,24,7,224,1,128
7,0,8,224,31,220,48,38,103,146,200,74,211,42,212,171,84,43,82,75,73,147,36,38,51,204,40,24,31,240,1,224
; entity 27: page 178 sprite 4 f=4..7
3,192,14,240,29,248,62,252,83,206,101,166,164,39,113,143,191,247,85,239,110,118,83,202,56,28,22,120,11,240,2,192
3,192,13,240,26,248,63,252,81,140,100,38,197,167,179,207,93,187,170,119,95,250,114,78,56,28,28,56,11,240,2,192
3,192,11,240,21,120,63,252,80,12,101,166,199,231,241,143,190,127,221,247,44,58,90,94,44,60,22,120,11,240,3,192
3,192,13,240,26,248,63,252,81,140,100,38,197,167,179,207,93,187,170,119,95,250,114,78,56,28,28,56,11,240,2,192

@tilemap
         /              
        /           +   
       /          F       
      /                 
     /                  
    /            F      
   /          F     F   
  /                     
WW                      
     W                  
  F  W     F        FF<<
     WFF      F       FF
    FW           F      
  F  W     F            
     W         F        
WWWWWWWW   FF         

@floorcolor GRN
@wallcolor RED
@nastycolor YEL
@rampcolor CYN
@beltcolor YEL
@itemcolor YEL

@guardians
x=15 y=32(0..96) v=4 f=0..3 CYN
x=9 y=72(64..104) v=-2 f=4..7 RED

@floorudg 165,74,36,2,4,0,2,0
@walludg 21,85,85,36,37,85,73,34
@nastyudg 130,65,62,106,183,25,37,68
@rampudg 1,2,4,0,16,32,64,128
@beltudg 198,170,168,42,89,36,0,0
@itemudg 2,20,46,85,42,69,42,20
