@room 27
@playable
@title The Chapel
@conn 255 255 21 28
@spawn 1 96
@border GRN
@belt 0

@guardiansprites
; demonhead
20,52,42,239,21,231,74,129,53,195,138,231,85,195,171,219,91,255,181,60,90,90,54,24,10,36,86,102,43,195,25,219
52,40,239,84,231,168,129,82,195,172,231,81,195,170,219,213,255,218,60,173,90,90,24,108,36,80,102,106,195,212,219,152
0,0,0,0,0,0,0,0,0,0,0,0,128,128,34,0,170,128,130,128,40,128,105,0,54,0,28,0,0,0,0,0
; scroll
32,4,174,236,187,125,224,7,189,181,160,4,59,124,0,0	
29,176,32,4,59,124,162,68,253,183,160,4,59,220,32,4
; monk 4-7
14,0,21,0,42,128,23,0,255,0,22,0,12,0,31,128
63,128,127,0,42,0,127,0,111,0,127,0,24,0,56,0
3,128,5,64,10,160,5,192,127,192,5,128,3,0,7,224
15,224,31,192,10,128,31,192,27,192,31,192,24,128,56,0
0,224,1,80,2,168,1,112,15,240,1,96,0,192,1,248
3,248,7,240,2,160,7,240,6,240,7,240,6,48,0,96
0,56,0,84,0,170,0,92,1,252,0,88,0,48,0,126
0,254,1,252,0,168,1,252,1,188,1,252,1,24,0,56

@tilemap
                       W
                       W
                       W
                       W
                       W
                       W
                      +W
                 /W   FW
                /WW   FW
               /WWW   FW
              /WWWW   FW
             /WWWWW   FW
            /         FW
           /          FW
WWWWWWWWWWWWWWWWWWWW  WW
WWWWWWWWWWWWWWWWWWWW  WW

@floorcolor BLU
@wallcolor RED
@nastycolor WHT
@rampcolor YEL
@beltcolor BLK
@itemcolor CYN

@guardians
x=20 y=64(16..104) v=1 f=2 GRN
x=19 y=48(0..88) v=1 f=0 GRN
x=20 y=48(0..88) v=1 f=1 GRN
x=6 y=64(56..80) v=-1 f=3 GRN
y=96 x=8(0..9) v=-1 f=4..7 PUR

@floorudg 73,73,73,73,73,73,73,73 ; invert
@walludg 168,37,0,37,168,64,221,64 ; invert
@rampudg 3,0,12,0,48,0,192,0
@itemudg 16,48,56,108,198,198,108,16
