@room 21
@playable
@title Ballroom West
@conn 255 20 255 22
@spawn 0 96
@border BLU
@belt 1

@guardiansprites
; rabbit
0,0,6,0,8,0,56,0,80,0,240,0,248,0,60,0	
62,0,126,0,159,0,31,0,31,192,14,192,24,0,96,0	
0,0,0,0,15,0,20,128,60,0,14,0,63,0,15,128	
31,128,47,192,15,192,7,240,3,176,1,0,2,0,4,0	
0,0,0,96,0,128,3,128,13,0,7,0,3,128,7,192	
11,224,7,224,9,240,1,240,1,252,0,236,1,128,6,0	
0,0,0,0,0,4,0,8,0,112,0,160,1,224,0,112	
1,248,0,120,1,252,0,124,0,124,0,127,0,59,0,240	
4,0,4,0,12,0,12,0,22,0,30,0,62,0,108,0	
158,0,63,0,63,0,63,0,127,0,86,0,28,0,6,0	
4,128,8,64,19,32,19,32,23,160,19,32,31,224,27,96	
39,144,15,192,15,192,15,192,15,192,29,128,3,128,1,0	
0,128,0,128,0,192,0,192,1,160,1,224,1,240,0,216	
1,228,3,240,3,240,3,240,3,248,1,168,0,224,1,128	
0,72,0,132,1,50,1,2,1,122,1,122,1,254,1,182	
2,121,0,252,0,252,0,252,0,252,0,110,0,112,0,32
; pinhead
7,224,15,240,31,248,223,251,63,252,31,248,49,140,42,84
48,140,93,250,141,177,154,89,18,72,24,24,44,52,199,227

@tilemap
                      WW
                      WW
                      WW
                        
                        
FFFFFFFFFFFFFFFFFFFFFFFF
      WW                
      WW                
      WW          FFFFFF
      WW                
      WW      +         
\     WW                
 \                      
  \        >>>>>>>>>>   
FFFFFFFFFFFFFFFFFFFFFFFF
WWWWWWWWWWWWWWWWWWWWWWWW

@floorcolor YEL
@wallcolor GRN
@nastycolor PUR
@rampcolor WHT
@beltcolor YEL
@itemcolor GRN

@guardians
y=88 x=18(12..19) v=-1 f=0..7 CYN
x=9 y=56(48..96) v=2 f=8 CYN
x=4 y=72(48..87) v=-3 f=8 PUR

@floorudg 170,168,173,175,32,170,85,85
@walludg 17,34,136,17,68,136,34,68 ; invert
@rampudg 192,192,48,176,12,12,3,11
@beltudg 255,255,255,170,85,24,24,24
@itemudg 4,4,174,174,162,66,66,238
