@room 25
@playable
@title Cold Store
@conn 31 24 0 52
@spawn 44 104
@border CYN
@background BLU
@belt 0
@rope

@guardiansprites
; entity 54: page 189 sprite 0
6,0,13,0,10,192,29,0,23,0,23,0,22,128,46,128,60,128,48,128,97,0,17,0,30,0,164,0,68,0,46,0
1,128,3,208,2,160,7,80,5,192,5,192,5,160,11,160,15,32,12,32,24,64,4,64,7,128,2,128,12,96,2,128
0,96,0,240,0,252,1,208,1,112,1,112,0,248,1,232,3,136,6,8,2,16,1,16,1,224,0,64,0,64,0,224
0,24,0,60,0,43,0,116,0,92,0,92,0,90,0,186,0,242,0,194,1,132,0,68,0,120,0,80,1,144,0,120
; entity 55: page 187 sprite 0
12,0,54,128,127,64,126,128,253,0,254,128,255,128,255,0,85,0,42,0,20,0,42,0,20,0,8,0,20,0,8,0
3,0,13,160,31,208,31,160,63,64,63,160,63,224,63,192,53,64,42,128,5,0,10,128,5,0,2,0,5,0,2,0
0,192,3,104,7,244,7,232,15,208,15,232,15,248,15,240,5,80,10,160,1,64,2,160,9,64,0,128,1,64,0,128
0,48,0,218,1,253,1,250,3,244,3,250,3,254,3,252,3,84,2,168,0,80,0,168,0,80,0,32,0,80,0,32

@tilemap
      *                
         *        *       
FFF                    
               *    *    
                        
FFFFFFF                
                        
                        
FFFF+               WWWW
                    WWWW
                    WWWW
FFFF                WWWW
       *        FF  WWWW
                    WWWW
                    WWWW
FFFFFFFFFFFFFFFFFFFFWWWW

@floorcolor CYN
@wallcolor GRN
@nastycolor WHT
@rampcolor WHT
@beltcolor WHT
@itemcolor GRN

@guardians
y=48 x=3(0..5) v=1 f=0..3 GRN
y=24 x=6(0..8) v=1 f=4..7 PUR

@floorudg 255,255,85,170,85,170,0,0
@walludg 146,82,74,73,41,37,164,146
@nastyudg 32,34,20,216,27,40,68,4
@rampudg 0,0,0,0,0,0,0,0
@beltudg 0,0,0,0,0,0,0,0
@itemudg 112,140,114,250,239,173,37,33
