@room 51
@playable
@title Tool Shed
@conn 53 49 255 58
@spawn 0 48
@border CYN
@belt 1

@guardiansprites
; one way saw (facing left)
0,0,0,0,0,0,0,0,0,0,0,0,0,0,0,0,0,0,0,0,0,0,0,0,6,0,63,0,31,0,13,0
0,0,0,0,0,0,0,0,0,0,0,0,0,0,1,128,15,192,7,64,3,64,79,64,7,64,3,32,15,32,135,32
0,96,3,240,1,208,0,208,3,208,1,208,0,200,3,200,1,200,0,200,11,200,33,200,0,200,11,196,1,196,32,196
0,0,0,0,0,0,0,0,0,0,0,24,0,252,0,116,0,52,0,244,0,116,1,54,0,250,2,122,0,58,4,250
; swiss army knife
56,0,124,0,126,0,109,128,68,64,108,64,124,32,124,0,124,12,124,50,252,204,255,48,252,192,127,0,108,0,56,0
14,96,31,148,31,8,27,32,17,80,27,80,31,160,31,160,127,64,223,64,223,128,159,128,127,0,31,0,27,0,14,0
3,128,7,192,7,224,6,216,4,68,14,196,127,194,239,192,239,192,143,192,119,192,7,192,7,192,7,192,6,192,3,128
0,224,1,240,1,240,1,178,1,21,1,181,1,250,1,250,7,244,13,244,13,248,9,248,7,240,1,240,1,176,0,224

@tilemap
        /WWWW        
       /WWWWW        
      /WWWWWWWWWWWWWWWWW
     /       *          
    /                   
   /                  WW
  /                   WW
 /                    WW
WWWW    F   F   F   WWWW
WWWWF               WWWW
WWWW               FWWWW
WWWW  F  F   F      WWWW
WWWW            F   WWWW
WWWW               FWWWW
WWWW+               WWWW
WWWW>>>>>>>>>>>>>>>>WWWW

@floorcolor CYN
@wallcolor PUR
@nastycolor YEL
@rampcolor WHT
@beltcolor GRN
@itemcolor CYN

@guardians
y=48 x=15(5..15) v=-1 f=4..7 GRN
y=72 x=7(5..18) v=1 f=4..7 YEL
y=104 x=14(5..18) v=-1 f=0..3 PUR

@floorudg 90,255,34,68,34,64,0,0
@walludg 85,170,68,34,85,170,68,34 ; invert
@nastyudg 4,4,4,136,80,32,16,8
@rampudg 3,3,12,12,48,48,192,192
@beltudg 51,64,51,0,30,85,170,68
@itemudg 24,24,24,24,24,155,127,59
