@room 56
@playable
@title West Wing Roof
@conn 255 37 54 57
@spawn 90 104
@border BLU
@belt 0
@arrow y=42 x=80 v=1 sound=115


@guardiansprites
; one way saw
0,0,0,0,0,0,0,0,0,0,0,0,0,0,0,0,0,0,0,0,0,0,0,0,48,0,126,0,124,0,88,0
0,0,0,0,0,0,0,0,0,0,0,0,0,0,12,0,31,128,23,0,22,0,23,128,23,0,38,16,39,128,39,8
3,0,7,224,5,192,5,128,5,224,5,192,9,128,9,224,9,208,9,128,9,232,9,194,9,128,17,232,17,192,17,130
0,0,0,0,0,0,0,0,0,0,0,192,1,248,1,112,1,96,1,120,1,112,2,96,2,120,2,112,2,97,2,120
; ice cream
12,0,54,128,127,64,126,128,253,0,254,128,255,128,255,0	
85,0,42,0,20,0,42,0,20,0,8,0,20,0,8,0	
3,0,13,160,31,208,31,160,63,64,63,160,63,224,63,192	
53,64,42,128,5,0,10,128,5,0,2,0,5,0,2,0	
0,192,3,104,7,244,7,232,15,208,15,232,15,248,15,240	
5,80,10,160,1,64,2,160,9,64,0,128,1,64,0,128	
0,48,0,218,1,253,1,250,3,244,3,250,3,254,3,252	
3,84,2,168,0,80,0,168,0,80,0,32,0,80,0,32

@tilemap
                        
                        
                        
                        
                        
                        
FFFW                    
   W  *  *   *  *   *   
   WFFFFFFFFFFFFFFFFFFFF
   W                    
   W+                   
F  W                    
   W                   
  FW                    
   W                    
F  WFFFFFFFFFFFFFFFF  FF

@floorcolor PUR
@wallcolor GRN
@nastycolor RED
@rampcolor WHT
@beltcolor WHT
@itemcolor CYN

@guardians
y=104 x=13(4..14) v=1 f=0..3 PUR
y=88 x=13(8..21) v=-1 f=4..7 YEL

@floorudg 255,170,255,164,164,167,228,60
@walludg 225,132,30,72,225,132,30,72 ; invert
@nastyudg 24,60,126,255,175,85,58,16
@rampudg 3,0,12,0,48,0,192,0
@beltudg 0,0,0,0,0,0,0,0
@itemudg 0,0,0,10,13,60,242,192
