@room 30
@playable
@title The Banyan Tree
@conn 36 29 255 31
@spawn 8 16
@border PUR
@belt 0

@guardiansprites
; saw
0,0,0,0,0,0,0,0,0,0,0,0,0,0,0,0	
0,0,0,0,0,0,0,0,48,0,126,0,124,0,88,0	
0,0,0,0,0,0,0,0,0,0,0,0,0,0,12,0	
31,128,23,0,22,0,23,128,23,0,38,16,39,128,39,8	
3,0,7,224,5,192,5,128,5,224,5,192,9,128,9,224	
9,208,9,128,9,232,9,194,9,128,17,232,17,192,17,130	
0,0,0,0,0,0,0,0,0,0,0,192,1,248,1,112	
1,96,1,120,1,112,2,96,2,120,2,112,2,97,2,120
; chip
0,0,0,0,42,170,127,255,127,255,124,63,124,63,127,255	
127,255,127,255,0,0,42,170,0,0,42,170,0,0,0,0	
0,72,1,44,4,188,18,254,75,254,46,127,188,63,254,124	
255,242,127,201,127,37,60,148,50,80,9,64,5,0,4,0	
0,0,7,224,15,240,23,232,15,240,22,104,14,112,22,104	
15,240,23,232,15,240,23,232,8,16,23,232,16,8,0,0	
18,0,52,128,61,32,127,72,127,210,254,116,252,61,62,127	
79,255,147,254,164,254,41,60,10,76,2,144,0,160,0,32
; spiral
7,0,8,224,31,220,48,38,103,146,200,74,211,42,212,171
84,43,82,75,73,147,36,38,51,204,40,24,31,240,1,224

@tilemap
          WW            
          WW            
          WF            
          WFF           
         /FFFFFF        
        /    F  F       
       /     F  F       
      /         F       
     /    W             
    /     W  W          
   /W  W  W  W  W       
  / W  W  W  W  W       
WWWWWWWWWWWWWWWWWWWFFWWW
WWWWW              FFWWW
WWWWW+             FFWWW
WWWWWFFFFFFFFFFFFFFFFWWW

@floorcolor BLU
@wallcolor RED
@nastycolor BLK
@rampcolor YEL
@beltcolor BLK
@itemcolor PUR

@guardians
x=8 y=64(56..80) v=-1 f=8 GRN
x=11 y=48(40..80) v=2 f=8 PUR
x=14 y=76(40..80) v=1 f=4..7 CYN
y=80 x=18(17..23) v=-1 f=0..3 YEL

@floorudg 0,162,0,0,0,70,0,147 ; invert
@walludg 74,41,37,73,146,164,37,148 ; invert
@rampudg 3,0,12,0,48,0,192,0
@itemudg 5,56,69,130,130,130,68,56
