@room 40
@playable
@title Dr Jones' dream
@conn 255 39 0 41
@spawn 90 104
@border BLU
@belt -1

@guardiansprites
; entity 27: page 178 sprite 4 f=0..3
3,192,14,240,29,248,62,252,83,206,101,166,164,39,113,143,191,247,85,239,110,118,83,202,56,28,22,120,11,240,2,192
3,192,13,240,26,248,63,252,81,140,100,38,197,167,179,207,93,187,170,119,95,250,114,78,56,28,28,56,11,240,2,192
3,192,11,240,21,120,63,252,80,12,101,166,199,231,241,143,190,127,221,247,44,58,90,94,44,60,22,120,11,240,3,192
3,192,13,240,26,248,63,252,81,140,100,38,197,167,179,207,93,187,170,119,95,250,114,78,56,28,28,56,11,240,2,192
; entity 11: page 191 sprite 0 f=4..7
128,0,64,0,163,96,83,96,41,192,22,160,11,224,7,112,2,168,5,212,2,42,3,229,3,226,3,97,3,98,7,112
0,0,0,0,6,48,86,48,169,192,86,160,11,224,6,48,3,232,5,212,2,42,3,228,3,234,23,100,14,96,4,112
0,0,0,0,3,96,3,96,1,192,30,160,43,224,86,180,163,106,69,213,130,34,3,225,3,226,3,96,3,96,7,112
0,0,0,0,6,48,86,48,169,192,86,160,11,224,7,244,2,42,5,213,2,34,3,225,3,224,3,116,3,56,7,16

@tilemap
                        
                        
          *WWW         
          WWWWWW       
          WFFFFFF      
    *WWWW *FFF FFF     
    WWWWWWW  FWWWW\    
    FFFF  WF  WWW+ \   
F   FFFF  W  FWW    \  
    WWFF  WF  WW     \ 
 F  WWFF  W  FW   F   \
   F WFF  WF  W        
  F  WFF     FW     F  
     W       FW   F    
     WWFF    FWF       
<<<<<<<<<<<<<<<<<<<<<<<<

@emptycolor PUR
@floorcolor RED
@wallcolor PUR
@nastycolor PUR
@rampcolor CYN
@beltcolor GRN
@itemcolor WHT

@guardians
x=16 y=72(64..104) v=-2 f=0..3 RED
x=8 y=96(56..96) v=-2 f=4..7 YEL

@floorudg 254,85,42,170,85,170,170,255
@walludg 17,68,34,136,17,68,34,136 ; invert
@nastyudg 1,4,34,8,17,68,34,136
@rampudg 64,144,36,72,18,36,9,2
@beltudg 165,0,165,0,170,255,255,85
@itemudg 240,240,120,184,76,50,13,3
