@room 38
@playable
@title Priests' Hole
@conn 60 255 32 39
@spawn 30 104
@border RED
@belt 0

@guardiansprites
; demonhead — 4 sprites f=0..3
; frame 0 (top-left 0,0)
20,52,42,239,21,231,74,129,53,195,138,231,85,195,171,219,91,255,181,60,90,90,54,24,10,36,86,102,43,195,25,219
; frame 1 (top-right 8,0)
52,40,239,84,231,168,129,82,195,172,231,81,195,170,219,213,255,218,60,173,90,90,24,108,36,80,102,106,195,212,219,152
; frame 2 (bottom-left 0,16); frame 2 (bottom-left)
0,0,0,0,0,0,0,0,0,0,0,0,0,0,0,0,128,128,34,0,170,128,130,128,40,128,105,0,54,0,28,0
0,0,0,0,0,0,0,0,0,0,0,0,128,128,34,0,170,128,130,128,40,128,105,0,54,0,28,0,0,0,0,0

; entity 38: page 174 sprite 0 f=0..3
126,0,153,0,255,0,129,0,126,0,24,0,36,0,36,0,66,0,66,0,129,0,231,0,165,0,195,0,165,0,231,0
0,0,31,128,38,64,57,192,48,192,31,128,9,0,16,128,32,64,64,32,128,16,224,112,160,80,192,48,160,80,224,112
0,0,0,0,0,0,7,224,9,144,14,112,14,112,6,96,27,216,96,6,128,1,224,7,160,5,192,3,160,5,224,7
0,0,1,248,2,100,3,156,3,12,1,248,0,144,1,8,2,4,4,2,8,1,14,7,10,5,12,3,10,5,14,7


@tilemap
WW        WW            
WW        WW            
WW       +WW            
          WW            
          WW            
WWFFF   FFWW            
WW        WW            
WW  F     WW            
WW      F WW            
WW        WW            
WW FF                    
WW                      
WW      FFWW            
WW        WW            
WW  F     WW            
WW     F  WW            

@floorcolor YEL
@wallcolor CYN
@nastycolor WHT
@rampcolor WHT
@beltcolor WHT
@itemcolor PUR

@guardians
x=6 y=64(16..104) v=1 f=2..3 GRN ; draw jaw first, upper head overwrites
x=5 y=48(0..88) v=1 f=0..0 GRN
x=6 y=48(0..88) v=1 f=1..1 GRN
y=80 x=14(8..16) v=-1 f=4..7 RED

@floorudg 85,85,93,215,112,0,0,0
@walludg 34,17,68,136,34,17,68,136; invert
@nastyudg 0,0,0,0,0,0,0,0
@rampudg 0,0,0,0,0,0,0,0
@beltudg 0,0,0,0,0,0,0,0
@itemudg 191,191,187,177,187,187,191,191
